0 -4.852030263919617
1 -4.852030263919617
2 -4.852030263919617
3 -4.852030263919617
4 -4.852030263919617
5 -5.545177444479562
6 -5.545177444479562
7 -5.545177444479562
8 -5.545177444479562
9 -5.545177444479562
last generation-5.545177444479562
0 6.877227790747558
1 6.877227790747558
2 6.877227790747558
3 6.877227790747558
4 6.877227790747558
5 6.877227790747558
6 6.784289795088289
7 6.784289795088289
8 6.181235658055382
9 5.018603463745433
last generation5.018603463745433
0 22.39878417517964
1 22.282733596235495
2 22.282733596235495
3 22.201255507863532
4 22.201255507863532
5 21.984815459031672
6 21.984815459031672
7 21.984815459031672
8 21.984815459031672
9 21.984815459031672
last generation21.782249404187418
0 22.194937594587056
1 22.194937594587056
2 22.194937594587056
3 22.194937594587056
4 22.194937594587056
5 22.025844621789762
6 22.025844621789762
7 22.025844621789762
8 22.025844621789762
9 22.025844621789762
last generation22.025844621789762
